37
13
60
22
67
36
44
49
45
81
53
19
19
13
35
6
42
40
16
39
31
21
44
92
35
41
59
44
47
47
37
14
15
82
61
92
38
86
60
66
74
41
41
86
3
26
14
70
57
69
371
465
97
1
237
465
47
2
39
123
186
93
203
328
134
399
276
253
430
167
152
283
276
19
384
100
405
262
165
483
253
414
154
257
36
255
432
241
48
155
249
397
477
467
386
208
242
405
296
195
36
488
224
423
328
185
273
384
34
79
271
368
221
462
65
245
44
90
329
282
108
125
398
347
184
148
67
279
390
459
200
361
246
234
41
369
330
318
46
83
39
174
487
455
112
31
56
219
267
149
109
221
61
420
235
305
93
203
479
3
64
89
25
35
304
469
6
489
255
481
344
108
209
99
222
169
471
344
258
411
208
320
415
329
258
83
93
262
469
444
157
443
298
77
429
476
239
164
288
64
124
192
371
151
184
8
371
101
230
15
430
288
218
99
68
170
249
402
496
90
232
167
31
427
374
337
129
474
328
279
385
471
189
463
233
478
397
178
211
418
355
278
101
453
276
242
247
273
370
426
500
